3.6566212773e-01 9.3181371689e-01 6.3604801893e-01
4.9317854643e-01 8.0103147030e-01 3.3010241389e-01
-2.0896555483e-01 -5.1890753210e-02 2.2465518117e-01
-8.9433759451e-02 1.8883548677e-01 -8.1425331533e-02
1.4432309568e-01 2.2789239883e-03 -1.0138606280e-01
9.8922207952e-02 -1.0215638578e-01 5.6600481272e-02
7.0514731109e-02 -2.6579684019e-01 -4.4994601607e-01
-3.4153047204e-01 -5.3162586689e-01 -5.9407067299e-01
-1.2003570795e-01 -2.7510559559e-01 -3.4737044573e-01
-1.1178965569e+00 -1.4691658020e+00 1.8947708607e-01
-1.3923958540e+00 5.9581303596e-01 1.6657227278e+00
-1.0928989947e-01 1.1871795654e+00 -6.9046396017e-01
-3.7281215191e-03 2.8108775616e-02 -1.4605389535e-01
-1.3656689227e-01 1.0469372571e-01 -4.5128002763e-02
9.4006761909e-02 1.0971561074e-02 6.3189998269e-02
-3.0769491196e-01 -1.4107227325e+00 -8.9304345846e-01
-1.8091925979e-01 -7.3576575518e-01 -1.0732793808e+00
-3.3979979157e-01 -8.5774821043e-01 -3.9014244080e-01
5.3776413202e-01 -4.1939333081e-01 -6.8818914890e-01
-1.8099284172e-01 2.7891379595e-01 1.0331192017e+00
4.9673947692e-01 4.7058895230e-01 -2.0991374552e-01
4.6225860715e-02 -1.2885662913e-01 -9.1312237084e-02
6.5620794892e-02 3.4472152591e-02 -8.1862993538e-02
-5.8257699013e-02 1.7626170814e-01 -3.5607367754e-02
-2.3084275424e-01 1.9943568110e-01 1.4544661343e-01
6.1396583915e-02 3.1889739633e-01 3.7478575110e-01
2.7502879500e-01 6.1648130417e-01 4.5925393701e-01
