10 3 -2 -27 -2 -13 -14 20 36 0 35 66 -26 -24 50 24 17 -73 3 63 0 48 -18 -29 -61 3 -4 -30 -14 -23 28 -6 10 -37 -52 22 41 -10 -4 4 8 31 0 36 26 -10 -18 -9 14 28 -12 -22 -8 9 -6 8 -24 11 19 18 -2 -37 -74 -45 44 0 -22 -13 -32 10 -3 3 87 -5 -39
-19 25 83 12 10 -22 -26 47 -24 30 -25 -17 105 -9 -24 -43 -2 67 -18 -8 -1 -20 31 -54 -24 -23 -32 12 21 42 -20 -40 2 70 23 -10 -22 27 41 0 -8 -10 -2 -6 -8 23 11 17 -20 5 -14 -8 -25 -62 -23 -4 8 -1 -59 -33 26 9 -60 -39 -45 34 -60 -51 -14 23 59 -13 -64 66 62
-9 -3 -4 0 14 -48 -19 -6 13 2 -93 -78 -66 42 76 27 56 68 -37 -63 11 4 -35 3 -75 13 -3 -15 -71 -97 5 -11 -20 -34 -48 42 -5 0 29 83 53 57 15 20 59 9 27 35 12 16 14 30 14 4 -27 24 4 15 -24 -46 47 21 -28 -32 27 22 -1 53 -5 64 -11 9 -4 56 76
9 -39 1 36 3 -52 -39 14 70 109 -54 -26 55 -8 -2 -38 -20 -12 -51 18 27 -42 -40 63 51 -10 -24 -43 -87 -44 29 -28 -50 -50 -31 -42 -32 25 -10 -62 -45 -59 -22 -1 -44 -14 -4 11 -1 19 32 16 34 7 -27 25 32 36 38 -14 -19 -15 62 64 -57 -21 -5 36 -7 -23 28 30 17 -29 -25
13 26 35 -16 0 40 34 14 41 -25 31 35 -57 29 -33 27 -20 -50 41 -46 -10 -12 51 0 -13 6 27 53 94 49 -52 11 37 57 87 -1 12 -35 44 49 -11 12 -20 -6 2 -23 10 -10 -20 7 26 -36 -80 -81 31 -19 -28 -91 -52 -26 22 47 23 -4 27 28 20 20 28 22 -7 -29 -79 -2 48
14 10 -29 38 7 44 62 -13 -75 -95 -23 35 -15 -56 -127 -38 -35 -22 0 28 34 6 21 13 77 -10 16 17 45 87 -15 -18 33 31 57 -31 -6 -2 -91 -55 -46 -48 4 18 -45 -27 -37 0 11 5 -44 2 26 49 38 -40 18 10 35 80 23 12 26 -6 -19 25 21 12 -21 -20 27 49 28 -30 -40
48 33 13 33 65 3 -38 -83 -121 -117 40 59 -24 -111 -4 39 72 42 32 91 -28 47 -44 4 -32 47 49 53 56 11 27 40 69 60 34 29 30 35 -2 -50 3 -6 20 -15 4 -40 -65 -44 -27 -27 -17 -27 -52 -4 48 -36 -72 -78 -8 13 -25 -70 8 7 9 -5 -47 6 52 13 -68 10 60 20 -9
-9 -14 -32 -34 -36 12 41 21 48 38 3 -6 -5 54 22 38 -25 -63 51 -5 7 -12 70 -15 -32 -42 -56 -48 -27 -9 -60 -27 -24 -5 1 -23 -18 41 17 -1 2 -9 33 48 58 45 13 -12 35 -36 28 28 -8 6 -46 30 45 67 24 -27 29 27 -78 71 -5 -23 1 -42 38 31 -15 -62 -66 -26 -51
-27 -32 -33 3 -33 42 21 -19 5 24 -20 -27 8 2 22 -22 15 93 -88 -85 24 9 -31 51 95 1 14 10 -5 8 13 1 -22 -28 20 13 -24 -40 31 25 55 32 -14 -51 -73 4 16 0 12 -32 3 12 22 31 16 2 -20 5 20 30 12 16 29 28 2 -35 11 -15 26 -50 -20 -26 60 -20 -9
-26 -12 -57 -37 -12 -8 -17 32 19 11 91 -46 7 57 18 -13 -56 -35 95 26 -46 -56 -3 -35 25 43 -9 0 -30 -12 37 75 -18 -67 -95 7 21 -30 -19 8 -25 4 -19 -12 8 29 22 12 -16 6 -20 20 46 35 -11 8 8 10 17 24 -35 -1 72 -40 -10 -35 77 -3 -69 -78 -28 28 -65 -45 -9
