3.3448591828e-01 9.9461644888e-01 7.0148605108e-01
4.7575098276e-01 8.6284434795e-01 3.7063202262e-01
-1.3803799450e-01 1.2366669253e-02 2.2130471468e-01
-8.9433759451e-02 1.8883548677e-01 -8.1425331533e-02
1.4432309568e-01 2.2789239883e-03 -1.0138606280e-01
9.8922207952e-02 -1.0215638578e-01 5.6600481272e-02
7.9618789256e-02 -2.7042075992e-01 -4.8330682516e-01
-3.5071352124e-01 -6.0620772839e-01 -6.5545368195e-01
-2.0659399033e-01 -3.2416373491e-01 -3.3596479893e-01
-1.1693534851e+00 -1.4684925079e+00 1.7523878813e-01
-1.4370993376e+00 5.7777720690e-01 1.6485326290e+00
-1.7826734483e-01 1.1798243523e+00 -6.7347490788e-01
-3.7281215191e-03 2.8108775616e-02 -1.4605389535e-01
-1.3656689227e-01 1.0469372571e-01 -4.5128002763e-02
9.4006761909e-02 1.0971561074e-02 6.3189998269e-02
-2.9768019915e-01 -1.4204040766e+00 -9.0064001083e-01
-2.1984805167e-01 -7.5996023417e-01 -1.0978213549e+00
-3.9601656795e-01 -9.0099036694e-01 -4.2153841257e-01
4.5013016462e-01 -4.2207038403e-01 -6.7806351185e-01
-2.1265618503e-01 2.8175652027e-01 1.0411525965e+00
5.1776373386e-01 5.2917236090e-01 -1.6329407692e-01
4.6225860715e-02 -1.2885662913e-01 -9.1312237084e-02
6.5620794892e-02 3.4472152591e-02 -8.1862993538e-02
-5.8257699013e-02 1.7626170814e-01 -3.5607367754e-02
-2.3271173239e-01 2.1071830392e-01 1.6472886503e-01
2.4527944624e-02 2.9769915342e-01 3.9019298553e-01
3.2057487965e-01 6.0170704126e-01 4.6152052283e-01
