3.4336903691e-01 1.0166461468e+00 7.0948559046e-01
4.9224820733e-01 8.5712713003e-01 3.4287106991e-01
-1.6374579072e-01 -3.5174161196e-02 1.9110912085e-01
-8.9433759451e-02 1.8883548677e-01 -8.1425331533e-02
1.4432309568e-01 2.2789239883e-03 -1.0138606280e-01
9.8922207952e-02 -1.0215638578e-01 5.6600481272e-02
7.8737974167e-02 -2.8271943331e-01 -4.6782189608e-01
-3.6766710877e-01 -5.8542555571e-01 -6.2601220608e-01
-2.0499879122e-01 -3.3083701134e-01 -3.4850081801e-01
-1.1467052698e+00 -1.4907929897e+00 1.7526210845e-01
-1.4188081026e+00 5.6439077854e-01 1.6482523680e+00
-1.5651951730e-01 1.1694506407e+00 -6.8823409081e-01
-3.7281215191e-03 2.8108775616e-02 -1.4605389535e-01
-1.3656689227e-01 1.0469372571e-01 -4.5128002763e-02
9.4006761909e-02 1.0971561074e-02 6.3189998269e-02
-3.1474384665e-01 -1.4177098274e+00 -8.9265525341e-01
-1.9943280518e-01 -7.4106085300e-01 -1.0746067762e+00
-3.5534819961e-01 -8.6906242371e-01 -4.0595796704e-01
4.8116487265e-01 -4.2624688148e-01 -6.9208550453e-01
-1.9344539940e-01 2.8811237216e-01 1.0394527912e+00
5.1493209600e-01 5.1364272833e-01 -1.8136611581e-01
4.6225860715e-02 -1.2885662913e-01 -9.1312237084e-02
6.5620794892e-02 3.4472152591e-02 -8.1862993538e-02
-5.8257699013e-02 1.7626170814e-01 -3.5607367754e-02
-2.4126000702e-01 1.8681195378e-01 1.3695557415e-01
3.0071692541e-02 2.9096585512e-01 3.7293407321e-01
3.3590745926e-01 6.4276075363e-01 4.8436805606e-01
